On 2016 Macbook Pro 15" Intel Core i7 2,9 GHz (4 core):

$ python3 primes_multiprocessing.py 
processes:  1 intervals:  [0, 100]
time:  12.183852655
[1000000000039, 1000000000061, 1000000000063, 1000000000091]
processes:  2 intervals:  [0, 50, 100]
time:  6.856512134999999
[1000000000061, 1000000000063, 1000000000039, 1000000000091]
processes:  3 intervals:  [0, 34, 67, 100]
time:  4.546996608000001
[1000000000039, 1000000000091, 1000000000061, 1000000000063]
processes:  4 intervals:  [0, 25, 50, 75, 100]
time:  3.8625487300000003
[1000000000061, 1000000000063, 1000000000039, 1000000000091]
processes:  8 intervals:  [0, 13, 26, 39, 52, 64, 76, 88, 100]
time:  4.564880119000005
[1000000000039, 1000000000091, 1000000000061, 1000000000063]
processes:  10 intervals:  [0, 10, 20, 30, 40, 50, 60, 70, 80, 90, 100]
time:  3.971204913000001
[1000000000061, 1000000000091, 1000000000063, 1000000000039]
processes:  20 intervals:  [0, 5, 10, 15, 20, 25, 30, 35, 40, 45, 50, 55, 60, 65, 70, 75, 80, 85, 90, 95, 100]
time:  4.152273868000002
[1000000000061, 1000000000091, 1000000000063, 1000000000039]


On 2015 Macbook Pro 13" Intel Core i5 2,7 GHz (2 core):

$ python3 primes_multiprocessing.py 
processes:  1 intervals:  [0, 100]
time:  16.002232371999998
[1000000000039, 1000000000061, 1000000000063, 1000000000091]
processes:  2 intervals:  [0, 50, 100]
time:  8.09995795
[1000000000061, 1000000000063, 1000000000039, 1000000000091]
processes:  3 intervals:  [0, 34, 67, 100]
time:  8.434064924999998
[1000000000039, 1000000000091, 1000000000061, 1000000000063]
processes:  4 intervals:  [0, 25, 50, 75, 100]
time:  8.850796107999997
[1000000000061, 1000000000063, 1000000000039, 1000000000091]
processes:  8 intervals:  [0, 13, 26, 39, 52, 64, 76, 88, 100]
time:  8.689367851
[1000000000039, 1000000000091, 1000000000061, 1000000000063]
processes:  10 intervals:  [0, 10, 20, 30, 40, 50, 60, 70, 80, 90, 100]
time:  8.858420928999998
[1000000000061, 1000000000091, 1000000000063, 1000000000039]
processes:  20 intervals:  [0, 5, 10, 15, 20, 25, 30, 35, 40, 45, 50, 55, 60, 65, 70, 75, 80, 85, 90, 95, 100]
time:  8.662627803999996
[1000000000061, 1000000000091, 1000000000063, 1000000000039]