On 2016 Macbook Pro 15" Intel Core i7 2,9 GHz (4 core):

python3 primes_multiprocessing.py 
processes:  1 intervals:  [0, 100]
time:  15.52421975
[1739834324573, 1739834324603, 1739834324659]
processes:  2 intervals:  [0, 50, 100]
time:  7.82924088
[1739834324573, 1739834324603, 1739834324659]
processes:  3 intervals:  [0, 34, 67, 100]
time:  5.404848375
[1739834324603, 1739834324573, 1739834324659]
processes:  4 intervals:  [0, 25, 50, 75, 100]
time:  4.2788755169999995
[1739834324573, 1739834324603, 1739834324659]
processes:  8 intervals:  [0, 13, 26, 39, 52, 64, 76, 88, 100]
time:  4.329515608000001
[1739834324659, 1739834324573, 1739834324603]
processes:  10 intervals:  [0, 10, 20, 30, 40, 50, 60, 70, 80, 90, 100]
time:  4.376066920999996
[1739834324659, 1739834324603, 1739834324573]
processes:  20 intervals:  [0, 5, 10, 15, 20, 25, 30, 35, 40, 45, 50, 55, 60, 65, 70, 75, 80, 85, 90, 95, 100]
time:  4.565231974999996
[1739834324573, 1739834324603, 1739834324659]


On 2015 Macbook Pro 13" Intel Core i5 2,7 GHz (2 core):

$ python3 primes_multiprocessing.py 
processes:  1 intervals:  [0, 100]
time:  21.640167806
[1739834324573, 1739834324603, 1739834324659]
processes:  2 intervals:  [0, 50, 100]
time:  10.903081141000001
[1739834324573, 1739834324603, 1739834324659]
processes:  3 intervals:  [0, 34, 67, 100]
time:  11.225040670999995
[1739834324603, 1739834324573, 1739834324659]
processes:  4 intervals:  [0, 25, 50, 75, 100]
time:  11.591983679999998
[1739834324573, 1739834324603, 1739834324659]
processes:  8 intervals:  [0, 13, 26, 39, 52, 64, 76, 88, 100]
time:  11.249032617000005
[1739834324659, 1739834324573, 1739834324603]
processes:  10 intervals:  [0, 10, 20, 30, 40, 50, 60, 70, 80, 90, 100]
time:  11.743388663999994
[1739834324659, 1739834324603, 1739834324573]
processes:  20 intervals:  [0, 5, 10, 15, 20, 25, 30, 35, 40, 45, 50, 55, 60, 65, 70, 75, 80, 85, 90, 95, 100]
time:  11.449518462
[1739834324573, 1739834324603, 1739834324659]