nat@nat:~/cuda/porr_primes$ python3 primes_mpi4py.py 
[1000000000039, 1000000000061, 1000000000063, 1000000000091]
time:  10.747434096000006


nat@nat:~/cuda/porr_primes$ python3 primes_multiprocessing.py 
processes:  1 intervals:  [0, 100]
time:  13.886505038999985
[1739834324573, 1739834324603, 1739834324659]
processes:  2 intervals:  [0, 50, 100]
time:  7.045023900999922
[1739834324573, 1739834324603, 1739834324659]
processes:  3 intervals:  [0, 34, 67, 100]
time:  4.795556368000007
[1739834324603, 1739834324573, 1739834324659]
processes:  4 intervals:  [0, 25, 50, 75, 100]
time:  3.6792871630000263
[1739834324573, 1739834324603, 1739834324659]
processes:  8 intervals:  [0, 13, 26, 39, 52, 64, 76, 88, 100]
time:  2.857006036999792
[1739834324659, 1739834324573, 1739834324603]
processes:  10 intervals:  [0, 10, 20, 30, 40, 50, 60, 70, 80, 90, 100]
time:  2.709785871999884
[1739834324659, 1739834324573, 1739834324603]
processes:  20 intervals:  [0, 5, 10, 15, 20, 25, 30, 35, 40, 45, 50, 55, 60, 65, 70, 75, 80, 85, 90, 95, 100]
time:  2.7295110889999705
[1739834324573, 1739834324603, 1739834324659]

